# Created by Octave 3.8.1, Sun Jun 01 16:28:53 2014 CEST <weber@t61>
# name: P
# type: matrix
# rows: 128
# columns: 128
 2 2 2 2 2 2 2 2 2 2 2 2 2 2 2 2 2 2 2 1 2 2 2 2 2 2 2 2 2 2 2 2 2 2 2 2 2 2 2 2 2 2 2 2 2 2 18 43 68 89 107 120 135 149 162 172 180 192 196 203 207 211 210 212 213 214 212 210 209 204 201 194 183 177 163 148 130 116 98 81 60 35 6 4 3 3 3 3 3 2 3 2 2 2 2 2 2 2 2 2 2 2 2 2 2 2 2 3 2 2 2 2 2 2 2 2 2 2 2 2 2 2 2 2 2 2 2 2
 2 2 2 2 3 2 2 2 2 2 2 2 2 2 2 2 2 2 2 2 2 2 2 2 2 2 2 2 2 2 2 2 2 2 2 2 2 2 2 2 2 2 6 33 63 90 111 132 152 172 190 199 209 215 219 222 224 225 226 228 228 229 228 229 230 228 229 230 229 228 227 226 225 221 216 216 207 197 189 171 151 128 107 81 52 21 4 3 3 3 2 3 3 3 2 2 2 2 3 2 3 2 2 2 2 2 2 2 2 2 2 2 2 2 2 2 2 2 2 2 2 2 2 2 2 2 2 2
 2 2 2 2 2 2 2 2 2 2 2 2 2 2 2 2 2 2 2 2 2 2 2 2 2 2 2 2 2 2 2 2 2 2 2 2 2 2 2 9 44 78 104 130 159 183 200 214 222 225 227 230 230 233 235 235 235 235 235 235 235 235 234 233 233 234 234 233 233 232 232 232 231 232 231 230 228 227 226 223 220 213 203 183 157 130 100 70 34 5 3 3 3 3 2 3 2 3 2 2 2 2 2 2 3 2 2 2 2 2 2 2 2 2 2 2 2 2 2 2 2 2 2 2 2 2 2 2
 1 2 2 2 2 2 2 2 2 2 2 2 2 2 2 2 2 2 2 2 2 2 1 2 2 2 2 2 2 2 2 1 2 2 2 2 2 27 64 99 129 160 186 206 218 226 229 231 234 235 236 236 235 235 232 229 226 221 219 218 216 216 214 214 215 216 218 220 221 223 226 228 229 230 231 231 231 230 230 229 228 227 226 222 218 209 188 159 128 96 58 15 4 3 3 2 2 2 2 2 2 2 2 2 2 2 2 2 2 2 2 2 2 2 2 2 2 2 2 2 2 2 2 2 2 2 2 2
 2 2 2 2 2 2 2 2 2 2 2 2 2 2 2 2 2 2 2 2 2 2 2 2 2 2 2 2 2 2 2 2 2 2 2 35 75 110 140 174 202 217 227 232 234 235 236 236 234 228 221 214 208 203 199 196 195 193 192 190 190 189 188 188 189 190 191 191 193 192 193 194 197 201 206 213 218 223 227 229 230 230 229 227 226 226 223 220 213 196 164 127 91 49 5 4 3 3 2 2 2 2 3 2 2 2 2 2 2 2 2 2 2 2 2 2 2 2 2 2 2 2 2 2 2 2 1 2
 2 2 2 2 2 2 2 2 2 2 2 2 1 2 2 2 2 2 2 2 2 2 2 2 2 2 2 2 2 2 2 2 10 52 92 129 164 196 217 226 232 235 236 237 234 224 214 205 198 193 191 187 186 187 183 183 182 181 179 178 178 181 179 179 179 179 180 180 180 179 178 179 180 182 184 186 190 195 200 209 217 223 227 228 229 228 227 225 224 222 217 204 173 135 96 52 5 3 3 3 3 3 2 3 2 2 2 2 2 3 2 2 2 2 2 2 2 2 2 2 2 2 2 2 2 2 2 2
 2 2 2 2 2 2 2 2 2 2 2 2 2 2 2 2 2 2 2 2 2 2 2 1 2 2 2 2 2 1 8 52 93 131 165 200 221 229 234 236 237 234 225 212 201 193 188 185 183 180 178 176 175 174 173 173 182 174 171 177 180 170 175 184 170 169 176 180 179 177 172 169 169 171 174 176 178 179 182 185 188 194 203 212 221 226 228 227 227 226 224 223 219 208 184 144 103 54 5 3 3 3 3 2 3 2 2 2 2 2 2 2 2 2 2 2 2 2 2 2 2 2 2 2 2 2 3 2
 2 2 2 2 2 2 2 2 2 1 2 1 2 2 2 2 2 2 2 2 1 2 2 2 2 2 2 1 13 49 90 131 167 203 222 230 232 235 236 225 214 202 194 189 186 181 178 175 172 170 168 167 167 164 163 164 188 177 163 185 188 163 176 175 159 159 172 182 175 170 161 159 159 161 163 166 168 170 171 173 176 178 182 185 193 202 213 221 225 227 226 225 224 223 220 211 188 145 101 48 5 3 3 2 3 2 2 2 2 2 2 2 2 2 2 2 2 2 2 2 2 2 2 2 2 2 2 2
 2 2 2 2 2 2 2 2 2 2 2 2 2 2 2 2 2 2 2 2 2 2 2 2 2 2 4 45 88 128 166 201 222 231 234 234 232 219 204 193 189 186 183 179 175 171 167 164 163 160 158 156 155 155 154 154 171 178 158 184 185 160 175 159 148 148 165 170 153 150 147 148 150 151 153 156 157 159 161 163 165 169 173 175 177 180 185 192 204 216 223 225 226 224 224 223 221 212 188 141 91 34 4 3 2 2 2 2 3 2 2 2 2 2 2 2 2 2 2 2 2 2 2 2 3 2 2 2
 2 2 2 2 2 2 2 2 2 2 2 1 2 2 2 1 2 2 2 2 2 2 1 2 3 41 82 125 163 199 220 228 229 235 229 216 201 191 185 181 180 180 184 186 174 163 158 155 152 150 148 145 145 144 144 145 154 173 159 174 174 169 168 142 136 137 159 166 161 141 138 138 141 142 144 146 148 149 151 154 157 160 170 170 169 172 174 176 179 186 198 210 222 226 225 224 224 222 220 212 181 130 80 15 3 3 3 2 2 2 2 2 2 2 2 2 2 2 2 2 2 2 2 2 2 2 2 2
 2 2 2 2 1 2 2 2 2 1 2 2 2 2 2 2 2 2 2 2 2 2 2 20 71 114 154 194 220 230 230 235 231 215 200 193 187 180 177 173 181 198 188 183 188 162 150 146 143 141 139 136 135 135 135 135 138 162 167 159 156 166 155 129 126 127 151 143 137 129 129 130 132 133 136 137 140 141 144 145 148 151 165 177 183 174 167 168 170 173 176 182 195 211 222 225 225 223 222 221 219 206 166 114 53 4 3 2 3 2 3 2 2 2 2 2 2 2 2 2 2 2 2 2 2 2 2 2
 2 2 2 2 2 2 2 2 2 2 2 2 2 2 2 2 2 2 1 2 2 2 33 85 132 172 211 231 236 233 233 220 206 196 191 184 179 174 169 165 164 188 174 156 162 176 146 139 135 132 130 128 126 125 125 125 125 139 156 146 130 154 147 119 116 117 139 139 122 122 120 121 122 126 127 128 130 132 135 137 139 141 146 150 173 177 176 173 162 163 167 171 175 181 193 208 220 224 223 223 222 220 217 197 159 102 36 4 3 2 3 2 3 3 2 2 2 2 2 2 2 2 2 2 2 2 2 2
 2 2 2 2 2 2 2 2 2 2 2 2 1 2 2 2 2 2 2 2 14 72 124 166 210 235 244 239 235 221 203 195 191 187 187 181 169 162 158 156 154 174 166 143 145 166 136 129 126 122 120 118 116 115 114 114 115 127 139 118 114 133 118 106 106 110 134 136 135 128 114 114 115 117 118 120 122 124 127 128 131 134 138 145 165 147 150 153 153 155 159 163 169 173 176 183 198 214 222 224 223 222 220 219 209 177 118 53 4 3 3 2 2 2 2 2 2 2 2 2 2 2 2 2 2 2 2 2
 2 2 2 2 2 2 2 2 2 2 2 2 2 2 2 1 2 2 2 38 96 144 187 227 246 247 240 228 207 198 191 186 186 200 195 194 180 156 151 147 144 158 166 137 136 155 129 120 116 113 111 109 106 105 104 104 104 106 109 101 100 102 99 97 97 99 105 109 112 110 105 105 107 108 110 112 114 116 119 120 124 126 131 148 151 138 140 142 146 148 151 166 175 168 169 172 175 185 202 217 223 223 222 220 219 218 201 142 79 4 3 3 3 3 2 2 2 2 2 2 3 2 2 2 2 2 2 2
 2 2 1 2 2 2 2 2 2 2 2 2 2 2 2 2 2 1 56 114 161 204 242 249 245 236 216 203 195 188 182 178 192 187 168 170 182 157 143 138 136 140 160 137 134 143 117 111 108 105 102 98 98 96 95 93 93 92 92 90 89 89 88 88 87 89 89 91 91 94 95 98 98 100 102 105 106 108 111 113 115 118 123 146 133 130 132 135 138 141 147 174 179 183 172 164 167 171 176 193 210 221 223 223 221 220 220 212 164 102 27 4 3 3 2 2 2 2 2 2 2 2 2 2 2 2 2 2
 2 2 2 2 2 2 2 1 2 2 2 2 2 2 2 2 2 67 126 172 217 248 248 245 228 210 201 193 186 181 174 171 193 173 156 150 163 164 135 130 126 126 149 148 141 120 107 102 99 96 94 91 89 87 87 85 83 82 82 82 82 82 82 80 81 81 82 82 82 84 87 89 91 93 94 97 99 101 103 105 107 112 122 137 121 122 125 128 131 135 147 168 154 161 179 160 159 163 166 172 180 201 216 222 222 222 218 219 216 182 121 52 4 3 3 2 2 2 3 2 2 2 2 2 2 2 2 2
 2 2 1 2 2 2 2 2 2 2 2 1 2 2 2 7 83 137 185 230 249 247 238 217 204 198 193 187 179 172 166 162 182 173 148 142 146 163 128 122 117 116 126 126 111 100 96 93 91 88 86 83 81 79 78 76 75 76 78 80 85 89 89 81 78 76 76 76 77 78 80 81 83 85 87 89 91 92 95 97 100 104 116 118 113 115 118 121 125 131 156 163 143 147 170 153 153 156 159 164 168 175 192 211 221 223 222 220 219 219 189 133 65 4 3 2 2 3 2 2 2 2 2 2 2 2 2 2
 2 2 2 2 2 2 2 2 2 2 2 2 2 2 20 91 147 197 240 248 248 232 209 200 196 193 198 196 175 165 158 154 163 172 142 135 139 155 121 113 110 106 103 99 93 90 86 84 82 80 78 75 73 72 73 72 72 86 90 93 97 100 100 93 95 93 93 91 83 78 81 85 82 80 81 82 84 86 88 90 93 95 99 102 104 107 110 114 120 130 150 154 162 162 152 143 144 149 153 158 162 165 172 184 205 219 223 222 220 219 220 205 151 80 4 3 3 3 3 3 3 2 3 3 2 2 2 2
 2 1 2 2 2 2 1 2 2 2 2 2 2 3 80 141 192 233 249 250 232 210 200 194 190 198 197 183 170 159 153 148 143 153 160 140 143 145 115 106 102 97 93 89 85 81 78 75 74 72 71 68 69 72 83 90 91 95 97 94 101 106 111 108 103 98 97 104 107 108 104 99 98 89 75 76 77 78 80 82 85 88 91 94 96 99 102 106 112 128 138 127 141 153 134 134 138 142 146 151 170 162 163 168 175 193 213 222 222 221 219 219 220 180 111 30 3 3 2 3 2 2 2 1 2 2 2 2
